8.150000000000000000e+02
6.230000000000000000e+02
1.159000000000000000e+03
1.132000000000000000e+03
3.450000000000000000e+02
8.340000000000000000e+02
8.470000000000000000e+02
1.890000000000000000e+02
1.186000000000000000e+03
5.900000000000000000e+02
5.050000000000000000e+02
9.540000000000000000e+02
4.170000000000000000e+02
5.050000000000000000e+02
1.019000000000000000e+03
3.610000000000000000e+02
1.283000000000000000e+03
3.330000000000000000e+02
4.890000000000000000e+02
4.980000000000000000e+02
1.970000000000000000e+02
8.730000000000000000e+02
4.780000000000000000e+02
1.377000000000000000e+03
1.723000000000000000e+03
5.520000000000000000e+02
1.178000000000000000e+03
1.173000000000000000e+03
9.770000000000000000e+02
2.058000000000000000e+03
1.798000000000000000e+03
5.340000000000000000e+02
7.320000000000000000e+02
7.760000000000000000e+02
6.090000000000000000e+02
1.153000000000000000e+03
1.137000000000000000e+03
2.400000000000000000e+02
1.245000000000000000e+03
4.150000000000000000e+02
4.960000000000000000e+02
1.670000000000000000e+03
5.030000000000000000e+02
1.840000000000000000e+02
9.640000000000000000e+02
1.477000000000000000e+03
4.890000000000000000e+02
4.200000000000000000e+02
6.260000000000000000e+02
5.250000000000000000e+02
8.710000000000000000e+02
1.251000000000000000e+03
9.920000000000000000e+02
1.115000000000000000e+03
1.074000000000000000e+03
2.643000000000000000e+03
7.810000000000000000e+02
2.710000000000000000e+02
2.350000000000000000e+02
3.650000000000000000e+02
2.210000000000000000e+02
1.145000000000000000e+03
2.530000000000000000e+02
7.180000000000000000e+02
1.197000000000000000e+03
1.491000000000000000e+03
6.820000000000000000e+02
1.270000000000000000e+03
8.100000000000000000e+02
1.088000000000000000e+03
7.880000000000000000e+02
1.060000000000000000e+03
1.415000000000000000e+03
3.840000000000000000e+02
3.560000000000000000e+02
2.250000000000000000e+02
2.280000000000000000e+02
7.190000000000000000e+02
6.680000000000000000e+02
7.630000000000000000e+02
1.305000000000000000e+03
1.346000000000000000e+03
9.000000000000000000e+02
1.349000000000000000e+03
4.100000000000000000e+02
1.023000000000000000e+03
1.963000000000000000e+03
7.470000000000000000e+02
3.300000000000000000e+02
5.900000000000000000e+02
5.950000000000000000e+02
1.096000000000000000e+03
4.760000000000000000e+02
1.588000000000000000e+03
6.390000000000000000e+02
1.940000000000000000e+02
1.719000000000000000e+03
4.830000000000000000e+02
4.650000000000000000e+02
7.210000000000000000e+02
1.489000000000000000e+03
5.280000000000000000e+02
2.603000000000000000e+03
2.012000000000000000e+03
2.410000000000000000e+02
1.274000000000000000e+03
6.350000000000000000e+02
7.070000000000000000e+02
6.230000000000000000e+02
3.250000000000000000e+02
3.740000000000000000e+02
7.760000000000000000e+02
1.312000000000000000e+03
1.217000000000000000e+03
1.125000000000000000e+03
5.260000000000000000e+02
1.640000000000000000e+03
4.660000000000000000e+02
6.770000000000000000e+02
3.440000000000000000e+02
3.940000000000000000e+02
3.820000000000000000e+02
4.760000000000000000e+02
4.660000000000000000e+02
3.870000000000000000e+02
5.940000000000000000e+02
1.793000000000000000e+03
6.930000000000000000e+02
4.040000000000000000e+02
4.060000000000000000e+02
4.980000000000000000e+02
1.780000000000000000e+02
2.015000000000000000e+03
7.300000000000000000e+02
2.000000000000000000e+02
1.168000000000000000e+03
2.820000000000000000e+03
1.699000000000000000e+03
8.740000000000000000e+02
3.460000000000000000e+02
2.890000000000000000e+02
2.610000000000000000e+02
1.678000000000000000e+03
8.830000000000000000e+02
6.340000000000000000e+02
1.142000000000000000e+03
3.580000000000000000e+02
8.840000000000000000e+02
3.510000000000000000e+02
2.400000000000000000e+02
6.350000000000000000e+02
1.679000000000000000e+03
1.335000000000000000e+03
4.910000000000000000e+02
1.032000000000000000e+03
1.774000000000000000e+03
5.530000000000000000e+02
6.170000000000000000e+02
7.590000000000000000e+02
2.380000000000000000e+03
1.810000000000000000e+03
1.820000000000000000e+02
6.090000000000000000e+02
2.950000000000000000e+02
8.870000000000000000e+02
4.710000000000000000e+02
1.056000000000000000e+03
2.425000000000000000e+03
1.380000000000000000e+03
6.600000000000000000e+02
3.090000000000000000e+02
6.840000000000000000e+02
3.376000000000000000e+03
4.950000000000000000e+02
1.181000000000000000e+03
1.810000000000000000e+02
3.480000000000000000e+02
3.940000000000000000e+02
2.879000000000000000e+03
2.780000000000000000e+02
2.157000000000000000e+03
3.910000000000000000e+02
8.310000000000000000e+02
6.630000000000000000e+02
7.730000000000000000e+02
4.530000000000000000e+02
5.310000000000000000e+02
1.065000000000000000e+03
3.090000000000000000e+02
9.030000000000000000e+02
1.248000000000000000e+03
1.798000000000000000e+03
4.820000000000000000e+02
9.190000000000000000e+02
9.150000000000000000e+02
4.120000000000000000e+02
3.480000000000000000e+02
3.520000000000000000e+02
5.170000000000000000e+02
1.381000000000000000e+03
2.131000000000000000e+03
3.060000000000000000e+02
5.680000000000000000e+02
1.061000000000000000e+03
9.610000000000000000e+02
1.046000000000000000e+03
2.360000000000000000e+02
1.049000000000000000e+03
5.060000000000000000e+02
1.158000000000000000e+03
4.440000000000000000e+02
3.640000000000000000e+02
3.440000000000000000e+02
3.210000000000000000e+02
1.639000000000000000e+03
6.520000000000000000e+02
6.090000000000000000e+02
5.680000000000000000e+02
1.005000000000000000e+03
1.079000000000000000e+03
7.140000000000000000e+02
3.520000000000000000e+02
1.080000000000000000e+03
1.512000000000000000e+03
1.580000000000000000e+03
4.560000000000000000e+02
6.630000000000000000e+02
4.180000000000000000e+02
7.370000000000000000e+02
1.435000000000000000e+03
3.560000000000000000e+02
1.880000000000000000e+02
7.260000000000000000e+02
7.640000000000000000e+02
8.260000000000000000e+02
6.610000000000000000e+02
1.623000000000000000e+03
8.830000000000000000e+02
1.168000000000000000e+03
2.990000000000000000e+02
4.970000000000000000e+02
6.430000000000000000e+02
2.089000000000000000e+03
4.930000000000000000e+02
5.380000000000000000e+02
7.400000000000000000e+02
3.740000000000000000e+02
1.221000000000000000e+03
4.580000000000000000e+02
9.460000000000000000e+02
2.440000000000000000e+02
4.020000000000000000e+02
4.999000000000000000e+03
6.210000000000000000e+02
1.636000000000000000e+03
3.510000000000000000e+02
5.670000000000000000e+02
9.570000000000000000e+02
6.450000000000000000e+02
4.300000000000000000e+02
4.570000000000000000e+02
4.070000000000000000e+02
1.895000000000000000e+03
3.120000000000000000e+02
6.560000000000000000e+02
1.019000000000000000e+03
2.020000000000000000e+02
4.940000000000000000e+02
2.010000000000000000e+03
4.940000000000000000e+02
3.850000000000000000e+02
1.252000000000000000e+03
7.210000000000000000e+02
4.710000000000000000e+02
6.950000000000000000e+02
7.440000000000000000e+02
4.320000000000000000e+02
4.810000000000000000e+02
1.239000000000000000e+03
4.940000000000000000e+02
1.000000000000000000e+03
6.990000000000000000e+02
1.387000000000000000e+03
6.360000000000000000e+02
1.546000000000000000e+03
5.420000000000000000e+02
6.340000000000000000e+02
8.910000000000000000e+02
1.402000000000000000e+03
7.860000000000000000e+02
1.241000000000000000e+03
1.203000000000000000e+03
1.626000000000000000e+03
9.170000000000000000e+02
2.562000000000000000e+03
1.047000000000000000e+03
1.472000000000000000e+03
4.020000000000000000e+02
1.946000000000000000e+03
8.290000000000000000e+02
3.050000000000000000e+02
1.338000000000000000e+03
7.390000000000000000e+02
8.780000000000000000e+02
3.738000000000000000e+03
1.312000000000000000e+03
1.046000000000000000e+03
3.160000000000000000e+02
9.320000000000000000e+02
8.820000000000000000e+02
9.320000000000000000e+02
1.905000000000000000e+03
6.210000000000000000e+02
4.650000000000000000e+02
6.890000000000000000e+02
2.740000000000000000e+02
7.470000000000000000e+02
8.670000000000000000e+02
1.020000000000000000e+03
5.030000000000000000e+02
6.010000000000000000e+02
6.500000000000000000e+02
3.331000000000000000e+03
2.310000000000000000e+02
3.290000000000000000e+02
5.380000000000000000e+02
7.580000000000000000e+02
8.720000000000000000e+02
3.340000000000000000e+02
6.660000000000000000e+02
6.330000000000000000e+02
8.210000000000000000e+02
1.456000000000000000e+03
3.850000000000000000e+02
2.097000000000000000e+03
3.370000000000000000e+02
8.230000000000000000e+02
5.650000000000000000e+02
1.016000000000000000e+03
8.580000000000000000e+02
4.880000000000000000e+02
2.600000000000000000e+03
5.190000000000000000e+02
7.030000000000000000e+02
1.745000000000000000e+03
2.890000000000000000e+02
6.230000000000000000e+02
8.370000000000000000e+02
4.620000000000000000e+02
8.450000000000000000e+02
1.579000000000000000e+03
2.480000000000000000e+02
4.010000000000000000e+02
9.190000000000000000e+02
6.320000000000000000e+02
1.527000000000000000e+03
2.342000000000000000e+03
1.119000000000000000e+03
9.960000000000000000e+02
3.450000000000000000e+02
1.170000000000000000e+03
7.300000000000000000e+02
3.121000000000000000e+03
2.350000000000000000e+02
1.340000000000000000e+03
8.930000000000000000e+02
8.720000000000000000e+02
3.780000000000000000e+02
8.170000000000000000e+02
8.550000000000000000e+02
7.050000000000000000e+02
1.224000000000000000e+03
3.330000000000000000e+02
5.120000000000000000e+02
9.970000000000000000e+02
4.210000000000000000e+02
1.382000000000000000e+03
2.607000000000000000e+03
1.268000000000000000e+03
4.410000000000000000e+02
1.178000000000000000e+03
6.760000000000000000e+02
1.006000000000000000e+03
7.950000000000000000e+02
3.960000000000000000e+02
1.066000000000000000e+03
4.940000000000000000e+02
8.800000000000000000e+02
1.034000000000000000e+03
1.057000000000000000e+03
1.670000000000000000e+02
7.160000000000000000e+02
8.920000000000000000e+02
1.729000000000000000e+03
1.208000000000000000e+03
3.550000000000000000e+02
8.880000000000000000e+02
6.560000000000000000e+02
9.140000000000000000e+02
2.160000000000000000e+03
5.610000000000000000e+02
5.240000000000000000e+02
1.130000000000000000e+03
3.790000000000000000e+02
1.480000000000000000e+02
1.273000000000000000e+03
1.120000000000000000e+03
4.580000000000000000e+02
5.260000000000000000e+02
1.857000000000000000e+03
1.127000000000000000e+03
1.388000000000000000e+03
6.760000000000000000e+02
1.862000000000000000e+03
1.112000000000000000e+03
2.463000000000000000e+03
8.660000000000000000e+02
8.500000000000000000e+02
1.012000000000000000e+03
6.090000000000000000e+02
1.181000000000000000e+03
2.800000000000000000e+02
7.490000000000000000e+02
2.174000000000000000e+03
2.800000000000000000e+02
2.150000000000000000e+02
1.251000000000000000e+03
6.920000000000000000e+02
1.322000000000000000e+03
1.354000000000000000e+03
1.256000000000000000e+03
4.100000000000000000e+02
4.400000000000000000e+02
6.090000000000000000e+02
1.610000000000000000e+02
8.960000000000000000e+02
7.360000000000000000e+02
5.940000000000000000e+02
1.952000000000000000e+03
9.170000000000000000e+02
6.760000000000000000e+02
3.800000000000000000e+02
4.290000000000000000e+02
9.220000000000000000e+02
2.720000000000000000e+02
4.530000000000000000e+02
7.440000000000000000e+02
5.740000000000000000e+02
5.450000000000000000e+02
1.526000000000000000e+03
4.330000000000000000e+02
3.480000000000000000e+02
8.110000000000000000e+02
8.380000000000000000e+02
1.921000000000000000e+03
7.050000000000000000e+02
4.100000000000000000e+02
4.240000000000000000e+02
4.800000000000000000e+02
9.610000000000000000e+02
5.260000000000000000e+02
1.195000000000000000e+03
3.740000000000000000e+02
8.960000000000000000e+02
1.695000000000000000e+03
1.049000000000000000e+03
6.040000000000000000e+02
2.960000000000000000e+02
8.750000000000000000e+02
3.610000000000000000e+02
4.330000000000000000e+02
1.483000000000000000e+03
2.382000000000000000e+03
4.080000000000000000e+02
1.083000000000000000e+03
1.103000000000000000e+03
1.186000000000000000e+03
2.860000000000000000e+02
1.827000000000000000e+03
5.170000000000000000e+02
2.370000000000000000e+02
1.554000000000000000e+03
1.134000000000000000e+03
3.250000000000000000e+02
3.370000000000000000e+02
6.120000000000000000e+02
1.851000000000000000e+03
6.010000000000000000e+02
4.420000000000000000e+02
6.320000000000000000e+02
3.740000000000000000e+02
3.510000000000000000e+02
5.170000000000000000e+02
1.922000000000000000e+03
1.887000000000000000e+03
5.540000000000000000e+02
3.720000000000000000e+02
1.412000000000000000e+03
1.950000000000000000e+02
4.220000000000000000e+02
1.480000000000000000e+03
5.630000000000000000e+02
5.980000000000000000e+02
3.480000000000000000e+02
2.990000000000000000e+02
2.880000000000000000e+02
2.971000000000000000e+03
4.810000000000000000e+02
7.360000000000000000e+02
3.620000000000000000e+02
7.780000000000000000e+02
9.220000000000000000e+02
9.420000000000000000e+02
1.336000000000000000e+03
4.220000000000000000e+02
2.750000000000000000e+02
5.160000000000000000e+02
2.831000000000000000e+03
1.615000000000000000e+03
2.579000000000000000e+03
6.390000000000000000e+02
5.960000000000000000e+02
3.890000000000000000e+02
4.460000000000000000e+02
1.032000000000000000e+03
2.810000000000000000e+02
1.277000000000000000e+03
5.050000000000000000e+02
1.009000000000000000e+03
5.160000000000000000e+02
1.790000000000000000e+03
6.420000000000000000e+02
1.011000000000000000e+03
3.150000000000000000e+02
9.800000000000000000e+02
8.080000000000000000e+02
7.120000000000000000e+02
2.422000000000000000e+03
2.984000000000000000e+03
1.890000000000000000e+02
2.113000000000000000e+03
4.450000000000000000e+02
4.420000000000000000e+02
3.540000000000000000e+02
3.400000000000000000e+02
1.287000000000000000e+03
3.420000000000000000e+02
2.190000000000000000e+02
5.370000000000000000e+02
1.935000000000000000e+03
3.270000000000000000e+02
5.910000000000000000e+02
9.710000000000000000e+02
8.900000000000000000e+02
1.769000000000000000e+03
3.660000000000000000e+02
4.710000000000000000e+02
1.101000000000000000e+03
3.930000000000000000e+02
5.250000000000000000e+02
1.600000000000000000e+02
5.440000000000000000e+02
3.770000000000000000e+02
1.699000000000000000e+03
9.210000000000000000e+02
9.370000000000000000e+02
2.855000000000000000e+03
7.280000000000000000e+02
5.080000000000000000e+02
8.070000000000000000e+02
6.430000000000000000e+02
5.200000000000000000e+02
3.850000000000000000e+02
2.007000000000000000e+03
1.123000000000000000e+03
7.390000000000000000e+02
5.380000000000000000e+02
1.380000000000000000e+03
2.370000000000000000e+02
4.160000000000000000e+02
2.710000000000000000e+02
5.700000000000000000e+02
8.410000000000000000e+02
4.240000000000000000e+02
1.521000000000000000e+03
5.620000000000000000e+02
2.520000000000000000e+02
1.296000000000000000e+03
1.049000000000000000e+03
1.772000000000000000e+03
2.060000000000000000e+02
2.230000000000000000e+02
1.048000000000000000e+03
5.610000000000000000e+02
2.588000000000000000e+03
1.202000000000000000e+03
1.970000000000000000e+02
3.580000000000000000e+02
5.460000000000000000e+02
6.060000000000000000e+02
6.070000000000000000e+02
9.310000000000000000e+02
3.510000000000000000e+02
1.265000000000000000e+03
1.171000000000000000e+03
2.990000000000000000e+02
2.165000000000000000e+03
4.850000000000000000e+02
2.320000000000000000e+03
1.150000000000000000e+03
6.410000000000000000e+02
2.500000000000000000e+02
9.120000000000000000e+02
3.170000000000000000e+02
7.470000000000000000e+02
1.007000000000000000e+03
1.561000000000000000e+03
5.860000000000000000e+02
3.920000000000000000e+02
1.827000000000000000e+03
1.920000000000000000e+02
1.594000000000000000e+03
4.220000000000000000e+02
3.521000000000000000e+03
3.430000000000000000e+02
5.640000000000000000e+02
5.850000000000000000e+02
8.000000000000000000e+02
1.088000000000000000e+03
4.700000000000000000e+02
7.430000000000000000e+02
5.900000000000000000e+02
7.130000000000000000e+02
4.200000000000000000e+02
1.048000000000000000e+03
1.742000000000000000e+03
1.830000000000000000e+02
8.710000000000000000e+02
8.980000000000000000e+02
1.341000000000000000e+03
6.780000000000000000e+02
7.050000000000000000e+02
3.210000000000000000e+02
3.210000000000000000e+02
3.590000000000000000e+02
1.534000000000000000e+03
1.566000000000000000e+03
1.820000000000000000e+02
2.670000000000000000e+02
7.440000000000000000e+02
3.630000000000000000e+02
1.175000000000000000e+03
7.590000000000000000e+02
2.980000000000000000e+02
1.635000000000000000e+03
2.579000000000000000e+03
5.230000000000000000e+02
2.009000000000000000e+03
5.460000000000000000e+02
6.080000000000000000e+02
6.150000000000000000e+02
7.420000000000000000e+02
3.860000000000000000e+02
5.560000000000000000e+02
1.025000000000000000e+03
1.342000000000000000e+03
2.550000000000000000e+02
1.930000000000000000e+02
1.978000000000000000e+03
2.240000000000000000e+02
6.680000000000000000e+02
4.490000000000000000e+02
1.266000000000000000e+03
1.520000000000000000e+02
4.950000000000000000e+02
5.310000000000000000e+02
1.416000000000000000e+03
7.370000000000000000e+02
9.360000000000000000e+02
1.543000000000000000e+03
1.161000000000000000e+03
1.978000000000000000e+03
5.350000000000000000e+02
3.730000000000000000e+02
2.830000000000000000e+02
4.550000000000000000e+02
1.975000000000000000e+03
2.640000000000000000e+02
4.200000000000000000e+02
5.240000000000000000e+02
5.640000000000000000e+02
6.990000000000000000e+02
7.990000000000000000e+02
7.400000000000000000e+02
2.579000000000000000e+03
3.266000000000000000e+03
9.280000000000000000e+02
3.910000000000000000e+02
4.120000000000000000e+02
1.297000000000000000e+03
1.328000000000000000e+03
1.402000000000000000e+03
7.910000000000000000e+02
4.050000000000000000e+02
1.513000000000000000e+03
1.958000000000000000e+03
1.588000000000000000e+03
1.604000000000000000e+03
8.980000000000000000e+02
3.390000000000000000e+02
1.147000000000000000e+03
2.451000000000000000e+03
6.490000000000000000e+02
9.860000000000000000e+02
1.018000000000000000e+03
8.610000000000000000e+02
1.063000000000000000e+03
6.000000000000000000e+02
1.468000000000000000e+03
8.650000000000000000e+02
3.120000000000000000e+02
4.090000000000000000e+02
1.605000000000000000e+03
4.190000000000000000e+02
4.480000000000000000e+02
4.900000000000000000e+02
5.280000000000000000e+02
9.500000000000000000e+02
4.040000000000000000e+02
7.590000000000000000e+02
4.640000000000000000e+02
4.380000000000000000e+02
2.764000000000000000e+03
6.580000000000000000e+02
7.910000000000000000e+02
2.760000000000000000e+02
8.320000000000000000e+02
1.427000000000000000e+03
8.400000000000000000e+02
5.550000000000000000e+02
5.880000000000000000e+02
4.040000000000000000e+02
3.850000000000000000e+02
3.420000000000000000e+02
1.407000000000000000e+03
4.030000000000000000e+02
7.970000000000000000e+02
9.650000000000000000e+02
4.270000000000000000e+02
1.630000000000000000e+02
7.730000000000000000e+02
2.184000000000000000e+03
1.310000000000000000e+03
8.060000000000000000e+02
2.018000000000000000e+03
6.050000000000000000e+02
7.110000000000000000e+02
2.047000000000000000e+03
6.510000000000000000e+02
5.340000000000000000e+02
1.862000000000000000e+03
6.940000000000000000e+02
6.240000000000000000e+02
4.430000000000000000e+02
1.132000000000000000e+03
1.930000000000000000e+02
1.070000000000000000e+03
7.620000000000000000e+02
2.804000000000000000e+03
6.730000000000000000e+02
6.600000000000000000e+02
4.970000000000000000e+02
1.124000000000000000e+03
2.180000000000000000e+02
4.000000000000000000e+02
8.250000000000000000e+02
1.060000000000000000e+03
1.052000000000000000e+03
1.203000000000000000e+03
8.790000000000000000e+02
6.630000000000000000e+02
6.670000000000000000e+02
6.060000000000000000e+02
2.130000000000000000e+02
2.980000000000000000e+02
4.280000000000000000e+02
3.130000000000000000e+02
5.870000000000000000e+02
1.993000000000000000e+03
1.619000000000000000e+03
4.890000000000000000e+02
3.900000000000000000e+02
1.333000000000000000e+03
4.010000000000000000e+02
6.120000000000000000e+02
2.840000000000000000e+02
4.880000000000000000e+02
2.361000000000000000e+03
1.010000000000000000e+03
7.570000000000000000e+02
2.900000000000000000e+02
7.640000000000000000e+02
3.990000000000000000e+02
3.410000000000000000e+02
6.350000000000000000e+02
7.270000000000000000e+02
8.480000000000000000e+02
5.420000000000000000e+02
2.428000000000000000e+03
6.290000000000000000e+02
5.380000000000000000e+02
4.630000000000000000e+02
2.028000000000000000e+03
5.040000000000000000e+02
2.730000000000000000e+02
1.042000000000000000e+03
1.970000000000000000e+03
8.310000000000000000e+02
7.630000000000000000e+02
5.240000000000000000e+02
6.400000000000000000e+02
1.795000000000000000e+03
6.970000000000000000e+02
1.340000000000000000e+03
2.130000000000000000e+02
8.590000000000000000e+02
2.360000000000000000e+02
7.250000000000000000e+02
7.170000000000000000e+02
5.480000000000000000e+02
3.440000000000000000e+02
1.448000000000000000e+03
2.740000000000000000e+02
5.380000000000000000e+02
1.711000000000000000e+03
6.330000000000000000e+02
3.120000000000000000e+02
1.630000000000000000e+02
9.980000000000000000e+02
1.377000000000000000e+03
5.660000000000000000e+02
1.019000000000000000e+03
5.980000000000000000e+02
3.320000000000000000e+02
5.710000000000000000e+02
2.140000000000000000e+02
2.500000000000000000e+02
2.528000000000000000e+03
9.760000000000000000e+02
1.093000000000000000e+03
2.300000000000000000e+03
6.400000000000000000e+02
1.115000000000000000e+03
4.070000000000000000e+02
5.990000000000000000e+02
1.050000000000000000e+03
2.590000000000000000e+02
6.890000000000000000e+02
4.740000000000000000e+02
3.410000000000000000e+02
4.930000000000000000e+02
1.602000000000000000e+03
3.000000000000000000e+02
8.180000000000000000e+02
7.380000000000000000e+02
1.158000000000000000e+03
4.130000000000000000e+02
1.244000000000000000e+03
1.182000000000000000e+03
1.113000000000000000e+03
1.042000000000000000e+03
9.440000000000000000e+02
3.640000000000000000e+02
7.760000000000000000e+02
1.839000000000000000e+03
9.740000000000000000e+02
7.330000000000000000e+02
5.960000000000000000e+02
5.390000000000000000e+02
6.190000000000000000e+02
4.600000000000000000e+02
3.650000000000000000e+02
3.350000000000000000e+02
3.800000000000000000e+02
3.870000000000000000e+02
1.904000000000000000e+03
7.870000000000000000e+02
2.770000000000000000e+02
1.104000000000000000e+03
5.920000000000000000e+02
1.037000000000000000e+03
8.710000000000000000e+02
1.064000000000000000e+03
1.670000000000000000e+02
2.212000000000000000e+03
5.200000000000000000e+02
6.760000000000000000e+02
8.360000000000000000e+02
1.289000000000000000e+03
9.950000000000000000e+02
1.342000000000000000e+03
4.680000000000000000e+02
3.029000000000000000e+03
7.830000000000000000e+02
2.014000000000000000e+03
1.292000000000000000e+03
8.310000000000000000e+02
1.057000000000000000e+03
1.622000000000000000e+03
4.330000000000000000e+02
4.610000000000000000e+02
6.190000000000000000e+02
6.450000000000000000e+02
3.410000000000000000e+02
4.860000000000000000e+02
1.424000000000000000e+03
7.010000000000000000e+02
3.408000000000000000e+03
4.090000000000000000e+02
1.794000000000000000e+03
2.851000000000000000e+03
4.990000000000000000e+02
4.660000000000000000e+02
5.570000000000000000e+02
8.400000000000000000e+02
6.570000000000000000e+02
1.406000000000000000e+03
3.410000000000000000e+02
2.280000000000000000e+02
1.004000000000000000e+03
3.550000000000000000e+02
1.726000000000000000e+03
2.923000000000000000e+03
1.129000000000000000e+03
5.210000000000000000e+02
9.100000000000000000e+02
1.558000000000000000e+03
5.190000000000000000e+02
2.770000000000000000e+02
1.507000000000000000e+03
1.417000000000000000e+03
1.745000000000000000e+03
4.290000000000000000e+02
3.330000000000000000e+02
3.380000000000000000e+02
1.144000000000000000e+03
1.960000000000000000e+03
2.474000000000000000e+03
2.122000000000000000e+03
9.690000000000000000e+02
6.710000000000000000e+02
1.020000000000000000e+03
5.720000000000000000e+02
4.810000000000000000e+02
7.430000000000000000e+02
2.125000000000000000e+03
7.720000000000000000e+02
1.314000000000000000e+03
2.040000000000000000e+02
2.530000000000000000e+02
8.640000000000000000e+02
6.850000000000000000e+02
2.190000000000000000e+02
2.330000000000000000e+02
1.202000000000000000e+03
4.790000000000000000e+02
1.830000000000000000e+03
4.540000000000000000e+02
7.250000000000000000e+02
5.070000000000000000e+02
2.340000000000000000e+02
9.260000000000000000e+02
8.000000000000000000e+02
1.610000000000000000e+03
1.603000000000000000e+03
8.250000000000000000e+02
7.570000000000000000e+02
1.470000000000000000e+02
4.200000000000000000e+02
9.850000000000000000e+02
8.070000000000000000e+02
7.940000000000000000e+02
8.730000000000000000e+02
5.510000000000000000e+02
4.720000000000000000e+02
7.380000000000000000e+02
1.427000000000000000e+03
1.033000000000000000e+03
7.040000000000000000e+02
5.750000000000000000e+02
2.810000000000000000e+02
4.950000000000000000e+02
2.020000000000000000e+02
5.470000000000000000e+02
1.278000000000000000e+03
2.050000000000000000e+02
3.950000000000000000e+02
9.480000000000000000e+02
3.530000000000000000e+02
1.347000000000000000e+03
