0.000000000000000000e+00,0.000000000000000000e+00,0.000000000000000000e+00,0.000000000000000000e+00,0.000000000000000000e+00,5.575000000000000094e-03,1.360933333333333439e-01,2.197200000000000264e-01,2.739999999999999658e-01,3.136044444444444634e-01,3.443955555555555659e-01,3.707911111111111269e-01,3.891644444444445350e-01,4.066799999999999859e-01,4.215911111111110277e-01,4.365511111111110565e-01,4.472044444444444600e-01,4.563422222222222047e-01,4.677288888888888607e-01,4.769955555555555060e-01,4.856177777777777593e-01
0.000000000000000000e+00,0.000000000000000000e+00,0.000000000000000000e+00,0.000000000000000000e+00,0.000000000000000000e+00,5.650000000000000508e-03,1.275022222222222390e-01,2.144133333333332891e-01,2.707822222222222019e-01,3.078444444444444206e-01,3.368444444444444463e-01,3.624266666666666747e-01,3.847200000000000064e-01,4.032755555555555538e-01,4.146844444444444666e-01,4.282000000000000250e-01,4.401155555555555932e-01,4.517555555555555769e-01,4.586222222222221534e-01,4.683955555555554540e-01,4.772177777777777963e-01
0.000000000000000000e+00,0.000000000000000000e+00,0.000000000000000000e+00,0.000000000000000000e+00,0.000000000000000000e+00,7.446153846153846269e-03,1.256844444444444597e-01,2.101911111111110786e-01,2.659777777777778129e-01,3.044711111111111368e-01,3.320977777777777695e-01,3.581200000000000494e-01,3.790399999999999880e-01,3.941777777777777936e-01,4.098622222222222389e-01,4.196311111111111769e-01,4.361022222222221689e-01,4.421466666666666323e-01,4.527155555555556488e-01,4.605644444444443875e-01,4.677422222222222259e-01
0.000000000000000000e+00,0.000000000000000000e+00,0.000000000000000000e+00,0.000000000000000000e+00,0.000000000000000000e+00,9.333333333333333239e-04,1.120266666666666910e-01,2.034844444444444678e-01,2.596933333333333871e-01,2.952355555555555289e-01,3.277644444444444694e-01,3.499288888888889004e-01,3.699733333333332652e-01,3.839377777777777112e-01,4.030977777777778881e-01,4.142533333333332513e-01,4.256755555555554738e-01,4.365911111111110965e-01,4.443199999999999927e-01,4.526533333333332965e-01,4.604488888888888520e-01
0.000000000000000000e+00,0.000000000000000000e+00,0.000000000000000000e+00,0.000000000000000000e+00,0.000000000000000000e+00,4.933333333333333841e-03,1.006133333333333185e-01,1.957244444444444509e-01,2.519200000000000328e-01,2.888088888888888928e-01,3.186444444444444524e-01,3.398933333333332696e-01,3.641333333333332534e-01,3.789644444444443816e-01,3.927111111111111219e-01,4.065555555555556144e-01,4.162844444444444014e-01,4.273688888888889648e-01,4.373066666666666213e-01,4.436044444444445234e-01,4.523911111111109662e-01
0.000000000000000000e+00,0.000000000000000000e+00,0.000000000000000000e+00,0.000000000000000000e+00,0.000000000000000000e+00,3.799999999999999992e-03,9.615555555555557743e-02,1.919511111111111279e-01,2.442266666666666475e-01,2.826088888888888540e-01,3.094355555555555193e-01,3.345244444444444576e-01,3.548355555555555707e-01,3.696266666666666589e-01,3.858622222222221620e-01,3.964666666666666894e-01,4.077511111111111197e-01,4.167244444444444529e-01,4.261466666666666736e-01,4.345200000000000173e-01,4.420311111111111524e-01
0.000000000000000000e+00,0.000000000000000000e+00,0.000000000000000000e+00,0.000000000000000000e+00,0.000000000000000000e+00,2.933333333333333365e-03,8.539555555555555788e-02,1.824311111111110717e-01,2.370577777777777839e-01,2.714088888888888662e-01,3.035377777777777397e-01,3.254977777777777748e-01,3.432133333333333702e-01,3.616711111111111654e-01,3.745200000000000751e-01,3.860977777777777065e-01,3.984622222222222732e-01,4.060799999999999410e-01,4.148666666666666614e-01,4.219911111111111501e-01,4.284444444444444611e-01
0.000000000000000000e+00,0.000000000000000000e+00,0.000000000000000000e+00,0.000000000000000000e+00,0.000000000000000000e+00,4.000000000000000192e-04,7.506666666666668430e-02,1.703688888888888753e-01,2.244311111111111368e-01,2.636844444444444435e-01,2.935511111111111515e-01,3.159555555555555451e-01,3.331466666666666465e-01,3.504888888888889054e-01,3.643022222222221940e-01,3.743555555555555525e-01,3.847422222222222632e-01,3.966577777777777758e-01,4.038400000000001433e-01,4.117600000000000149e-01,4.178533333333333544e-01
0.000000000000000000e+00,0.000000000000000000e+00,0.000000000000000000e+00,0.000000000000000000e+00,0.000000000000000000e+00,0.000000000000000000e+00,3.904444444444444412e-02,1.620311111111111257e-01,2.180622222222222406e-01,2.518222222222222251e-01,2.830222222222221751e-01,3.022755555555556306e-01,3.236844444444444413e-01,3.378133333333333543e-01,3.516888888888888842e-01,3.611822222222222378e-01,3.725777777777777300e-01,3.808399999999999563e-01,3.916533333333332978e-01,3.984177777777777596e-01,4.058844444444444921e-01
0.000000000000000000e+00,0.000000000000000000e+00,0.000000000000000000e+00,0.000000000000000000e+00,0.000000000000000000e+00,1.866666666666666648e-03,3.797333333333333810e-02,1.476088888888888728e-01,2.087822222222222301e-01,2.405599999999999683e-01,2.670177777777777983e-01,2.903688888888888986e-01,3.078444444444444206e-01,3.239377777777778245e-01,3.379511111111111465e-01,3.500577777777778010e-01,3.573155555555555529e-01,3.673911111111111683e-01,3.768355555555555347e-01,3.800533333333332986e-01,3.876044444444443626e-01
0.000000000000000000e+00,0.000000000000000000e+00,0.000000000000000000e+00,0.000000000000000000e+00,0.000000000000000000e+00,0.000000000000000000e+00,1.455652173913043156e-02,1.372044444444444622e-01,1.912622222222222224e-01,2.269777777777777505e-01,2.559422222222222931e-01,2.769022222222222163e-01,2.921333333333333004e-01,3.090311111111111453e-01,3.210844444444444501e-01,3.330222222222222750e-01,3.449022222222222211e-01,3.504711111111110666e-01,3.569999999999999285e-01,3.636888888888889504e-01,3.718000000000000194e-01
0.000000000000000000e+00,0.000000000000000000e+00,0.000000000000000000e+00,0.000000000000000000e+00,0.000000000000000000e+00,1.000000000000000021e-03,1.981935483870967546e-02,1.144266666666666626e-01,1.766088888888888708e-01,2.117511111111111677e-01,2.376133333333333431e-01,2.602622222222221726e-01,2.767111111111110744e-01,2.919111111111111212e-01,3.058666666666666756e-01,3.128444444444444805e-01,3.226488888888889295e-01,3.320088888888889089e-01,3.403288888888888475e-01,3.455688888888888699e-01,3.494355555555555548e-01
0.000000000000000000e+00,0.000000000000000000e+00,0.000000000000000000e+00,0.000000000000000000e+00,0.000000000000000000e+00,0.000000000000000000e+00,1.948571428571428676e-02,9.440444444444444361e-02,1.563733333333333364e-01,1.938266666666666749e-01,2.205466666666666686e-01,2.416666666666666685e-01,2.594222222222221652e-01,2.710666666666666780e-01,2.835999999999999077e-01,2.929688888888889453e-01,3.019955555555555171e-01,3.101466666666666261e-01,3.143955555555555392e-01,3.213022222222222113e-01,3.291466666666666430e-01
0.000000000000000000e+00,0.000000000000000000e+00,0.000000000000000000e+00,0.000000000000000000e+00,0.000000000000000000e+00,2.399999999999999790e-03,1.643999999999999975e-02,6.799111111111111327e-02,1.337599999999999900e-01,1.718311111111111011e-01,1.970355555555556026e-01,2.178044444444444672e-01,2.344355555555555637e-01,2.489822222222222159e-01,2.596622222222222387e-01,2.675022222222221968e-01,2.775688888888889205e-01,2.850666666666666349e-01,2.950888888888889006e-01,2.971155555555555217e-01,3.033066666666666689e-01
0.000000000000000000e+00,0.000000000000000000e+00,0.000000000000000000e+00,0.000000000000000000e+00,0.000000000000000000e+00,0.000000000000000000e+00,6.375000000000000458e-03,4.150222222222222507e-02,1.090355555555555522e-01,1.464222222222222314e-01,1.728755555555555323e-01,1.915111111111110764e-01,2.060355555555555551e-01,2.205466666666666686e-01,2.315200000000000036e-01,2.409911111111111559e-01,2.470933333333333315e-01,2.551466666666666883e-01,2.583777777777778173e-01,2.667733333333333623e-01,2.702177777777777790e-01
0.000000000000000000e+00,0.000000000000000000e+00,0.000000000000000000e+00,0.000000000000000000e+00,0.000000000000000000e+00,0.000000000000000000e+00,2.666666666666666578e-03,1.643835616438356351e-02,7.755999999999999006e-02,1.187644444444444503e-01,1.447599999999999998e-01,1.613777777777777589e-01,1.751955555555555488e-01,1.898444444444444545e-01,1.965911111111111331e-01,2.076444444444444648e-01,2.148533333333333406e-01,2.217911111111111333e-01,2.287644444444444369e-01,2.346533333333333249e-01,2.351244444444444415e-01
0.000000000000000000e+00,0.000000000000000000e+00,0.000000000000000000e+00,0.000000000000000000e+00,0.000000000000000000e+00,0.000000000000000000e+00,0.000000000000000000e+00,5.630769230769230860e-03,4.937333333333334545e-02,8.421333333333333449e-02,1.130311111111110961e-01,1.288444444444444559e-01,1.407288888888889034e-01,1.517333333333333312e-01,1.628000000000000003e-01,1.700044444444444303e-01,1.743511111111111234e-01,1.798400000000000554e-01,1.866488888888888920e-01,1.906133333333333291e-01,1.935999999999999943e-01
0.000000000000000000e+00,0.000000000000000000e+00,0.000000000000000000e+00,0.000000000000000000e+00,0.000000000000000000e+00,0.000000000000000000e+00,0.000000000000000000e+00,0.000000000000000000e+00,3.733333333333333295e-03,4.629777777777777797e-02,7.179555555555555690e-02,8.609777777777777308e-02,9.863555555555555965e-02,1.083333333333333509e-01,1.173511111111111144e-01,1.222577777777777985e-01,1.307333333333333403e-01,1.356888888888889144e-01,1.398711111111111127e-01,1.424177777777777543e-01,1.435200000000000087e-01
0.000000000000000000e+00,0.000000000000000000e+00,0.000000000000000000e+00,0.000000000000000000e+00,0.000000000000000000e+00,0.000000000000000000e+00,0.000000000000000000e+00,2.500000000000000052e-03,0.000000000000000000e+00,9.333333333333334106e-03,2.970222222222222361e-02,4.747111111111111670e-02,5.697333333333332722e-02,6.207111111111110469e-02,6.709333333333335203e-02,7.456444444444444708e-02,8.076000000000001233e-02,8.213777777777776790e-02,8.691111111111110565e-02,8.706222222222222140e-02,9.275999999999998136e-02
0.000000000000000000e+00,0.000000000000000000e+00,0.000000000000000000e+00,0.000000000000000000e+00,0.000000000000000000e+00,0.000000000000000000e+00,0.000000000000000000e+00,0.000000000000000000e+00,0.000000000000000000e+00,0.000000000000000000e+00,0.000000000000000000e+00,0.000000000000000000e+00,0.000000000000000000e+00,0.000000000000000000e+00,0.000000000000000000e+00,0.000000000000000000e+00,0.000000000000000000e+00,0.000000000000000000e+00,0.000000000000000000e+00,0.000000000000000000e+00,3.748717948717948667e-02
0.000000000000000000e+00,0.000000000000000000e+00,0.000000000000000000e+00,0.000000000000000000e+00,0.000000000000000000e+00,0.000000000000000000e+00,0.000000000000000000e+00,0.000000000000000000e+00,0.000000000000000000e+00,0.000000000000000000e+00,0.000000000000000000e+00,0.000000000000000000e+00,0.000000000000000000e+00,0.000000000000000000e+00,0.000000000000000000e+00,0.000000000000000000e+00,0.000000000000000000e+00,0.000000000000000000e+00,0.000000000000000000e+00,0.000000000000000000e+00,0.000000000000000000e+00
